0
China,24.3,1.9,20.2,2.8,2.1,1.1,4.9,10.7,12.6,6.7,10.1,2.6
India,15.3,0.7,38.8,1.4,4.9,0.6,0.2,19.8,10.2,3.0,4.2,0.9
South Korea,17.0,3.9,12.6,10.8,5.1,4.7,4.9,5.2,7.6,10.0,14.1,4.1
Canada,15.0,12.0,7.1,6.4,16.4,4.6,0.2,2.5,7.4,11.8,13.2,3.4
Taiwan,25.5,5.8,16.6,7.7,4.0,1.9,4.6,5.8,9.4,7.1,9.8,1.8
Japan,20.9,3.4,4.4,8.8,3.2,4.4,11.3,2.9,5.7,13.2,17.0,4.8
Saudi Arabia,22.1,2.0,24.0,1.2,4.2,0.8,21.4,9.6,4.1,2.5,5.3,2.8
Mexico,21.6,3.5,16.6,7.0,3.4,4.8,1.8,4.5,6.6,9.4,15.0,5.8
Vietnam,39.7,1.6,10.8,2.6,5.5,1.2,6.3,9.4,6.8,3.4,9.2,3.5
Turkey,18.6,3.7,23.3,3.6,1.1,2.6,4.7,10.0,7.9,12.6,9.7,2.2
Nepal,26.2,0.8,13.8,1.4,9.2,1.9,0.2,11.7,15.8,6.0,11.2,1.8
Germany,24.7,1.8,8.3,4.5,3.3,6.8,0.6,3.5,7.5,11.7,19.4,7.9
United Kingdom,19.6,4.7,5.1,6.9,4.3,5.9,0.3,2.8,8.1,15.6,18.9,7.8
Brazil,28.3,3.0,8.3,7.3,4.7,4.6,3.7,3.3,6.1,9.3,18.1,3.3
Thailand,26.6,3.1,18.8,3.7,4.4,1.7,4.4,8.3,7.1,7.0,12.6,2.3
Hong Kong,31.9,1.2,9.4,6.1,2.3,2.4,2.1,4.9,7.4,13.8,12.8,5.7
France,29.3,1.2,13.4,3.7,2.2,6.6,1.3,3.3,6.6,7.7,16.3,8.4
Indonesia,36.7,2.5,18.8,5.8,3.5,1.8,6.2,6.3,5.3,6.3,10.7,2.0
Colombia,20.8,3.8,17.5,5.9,3.3,5.0,4.6,3.7,9.6,9.9,13.8,2.1
Nigeria,19.0,1.5,23.6,1.8,14.2,3.0,0.2,5.6,11.8,7.0,10.5,1.8
Malaysia,21.5,3.0,28.4,3.1,3.9,1.4,0.7,6.0,10.5,8.0,9.2,4.3
Kenya,17.2,4.6,10.6,2.3,21.8,2.7,0.2,4.9,11.6,8.0,13.9,2.2
Pakistan,24.5,2.7,23.2,2.5,5.1,1.9,0.9,10.7,6.1,9.5,9.6,3.3
Venezuela,8.7,3.0,15.9,5.0,3.9,2.9,8.3,3.1,6.4,6.1,14.7,2.0
Russia,27.5,2.6,6.2,5.4,3.7,5.5,1.8,6.7,12.0,10.5,15.8,2.3
1
China,27.5,2.1,19.2,3.4,2.0,1.2,4.3,10.6,11.5,7.0,8.9,2.3
India,15.2,1.0,36.9,1.3,4.9,0.6,0.7,19.8,11.4,3.0,4.7,0.5
South Korea,17.0,3.7,10.8,12.2,5.4,4.6,5.2,5.0,8.0,10.1,14.7,3.3
Canada,15.3,9.1,7.7,7.8,16.1,4.8,0.2,2.4,8.0,12.0,14.1,2.5
Taiwan,23.4,4.9,14.7,11.5,3.7,2.1,4.8,6.0,10.0,7.0,10.3,1.6
Saudi Arabia,18.4,2.0,21.8,1.1,5.3,1.3,29.1,8.1,3.4,2.3,5.5,1.7
Japan,19.8,3.4,4.4,8.6,3.9,5.4,10.8,2.9,5.7,13.7,16.7,4.7
Vietnam,41.3,1.7,10.7,2.6,5.2,2.4,4.2,8.5,7.1,4.6,8.8,2.9
Mexico,21.7,3.7,14.7,7.5,2.9,4.9,3.4,4.8,8.2,10.0,15.5,2.7
Turkey,17.3,3.7,22.9,4.0,1.2,3.1,5.1,9.6,8.1,12.5,9.9,2.6
Nepal,23.5,1.1,16.9,1.2,8.1,1.2,0.2,12.1,18.5,5.6,10.5,1.1
Germany,26.7,2.1,7.6,4.4,3.0,7.3,0.9,3.6,7.6,12.3,18.8,5.7
United Kingdom,19.9,4.3,4.7,6.4,4.5,6.2,0.4,3.1,8.0,17.8,18.2,6.5
Brazil,26.1,2.9,7.9,7.9,5.5,4.7,3.9,3.0,6.2,10.1,18.8,3.0
Thailand,24.2,2.7,17.6,6.6,4.5,1.7,4.9,8.0,7.4,6.2,14.1,2.1
Hong Kong,31.2,1.4,6.7,8.4,2.5,3.5,1.6,5.6,7.5,13.6,15.5,2.5
France,30.7,1.1,9.4,4.9,1.9,7.8,1.7,2.9,6.4,8.6,19.1,5.5
Nigeria,18.6,1.5,24.7,1.9,13.9,3.2,0.2,6.9,11.9,6.8,9.0,1.4
Indonesia,30.2,2.8,18.0,8.1,4.0,2.8,0.8,5.5,6.1,7.4,12.8,1.5
Malaysia,19.8,2.1,29.1,3.4,3.9,2.1,0.2,7.6,11.2,7.7,9.1,3.8
Colombia,20.1,3.5,16.3,6.0,3.0,5.2,7.6,4.0,10.0,10.1,12.7,1.5
Venezuela,26.6,2.7,15.7,5.5,3.5,2.2,11.9,3.6,5.6,6.7,14.0,2.0
Pakistan,21.5,2.8,24.7,2.1,5.0,2.1,0.6,9.7,7.3,11.6,9.7,2.9
Kenya,17.1,4.5,10.0,1.7,19.6,3.8,0.4,4.6,13.3,9.3,13.6,2.1
Russia,28.0,3.2,5.4,7.6,3.4,7.0,3.0,5.4,11.8,11.5,11.2,2.5
2
Brazil,26.3,2.6,7.9,8.0,4.1,5.5,2.8,3.2,6.1,10.8,19.6,3.1
Canada,15.4,5.4,7.7,7.2,15.8,4.9,0.0,2.7,8.5,13.8,15.8,2.8
China,28.7,1.7,19.6,3.8,1.5,1.3,2.8,11.2,9.9,7.7,9.6,2.2
Colombia,18.6,2.7,15.0,6.4,3.0,7.2,5.5,3.4,9.7,10.4,15.0,3.1
France,25.6,0.7,13.7,4.2,1.4,8.0,1.4,3.9,5.8,9.2,20.1,6.0
Germany,24.2,1.6,7.6,4.0,2.0,8.7,0.3,3.8,7.9,13.1,21.0,5.8
Hong Kong,28.5,1.3,7.2,7.0,3.6,3.9,1.3,5.8,7.0,15.0,16.4,3.0
India,14.1,0.6,36.7,1.3,4.8,0.7,0.1,21.7,11.4,3.2,4.3,1.1
Indonesia,29.0,2.5,19.0,8.9,2.9,3.2,1.0,4.8,5.7,8.6,12.1,2.3
Iran,4.1,0.7,58.4,4.5,2.2,1.2,0.8,9.5,9.1,4.3,4.3,0.9
Japan,19.2,2.6,4.6,7.2,3.1,6.5,12.1,2.8,5.7,13.5,18.5,4.2
Malaysia,18.5,2.4,27.0,3.5,3.1,1.9,0.2,8.1,13.4,8.6,10.4,2.9
Mexico,22.2,3.1,17.0,6.8,3.7,3.4,2.6,3.9,6.4,8.8,16.8,5.3
Nepal,20.9,0.6,17.8,1.5,8.7,0.7,0.1,11.6,19.2,5.4,10.4,3.1
Nigeria,16.3,1.3,22.7,1.7,14.3,3.2,0.4,7.4,12.5,7.3,9.4,3.5
Pakistan,19.8,2.4,24.7,2.4,4.0,1.8,0.1,9.0,7.8,11.6,11.1,5.3
Russia,29.4,1.9,6.9,6.4,3.1,5.8,2.1,6.8,12.1,10.9,11.4,3.2
Saudi Arabia,15.9,2.0,18.4,1.4,4.7,1.0,36.3,6.7,3.0,2.6,6.2,1.8
South Korea,16.8,3.2,12.2,11.1,4.9,5.3,4.3,5.1,7.8,11.5,14.6,3.2
Taiwan,21.3,4.7,17.0,11.6,3.8,2.4,3.6,6.2,10.6,6.8,10.4,1.6
Thailand,21.1,2.4,18.0,6.7,5.4,2.4,3.5,7.5,8.3,7.2,15.4,2.1
Turkey,15.2,4.2,25.1,3.9,0.7,3.3,4.1,9.7,8.8,14.4,8.8,1.8
United Kingdom,17.8,3.2,4.9,6.6,3.4,7.9,0.2,2.5,7.1,16.8,24.1,5.5
Venezuela,25.6,2.6,15.5,7.7,3.2,2.1,10.4,2.9,4.8,7.0,14.3,3.9
Vietnam,39.0,1.1,9.6,2.9,4.5,1.3,2.9,7.1,6.8,4.5,10.5,9.8
3
Brazil,23.8,1.9,11.2,8.9,3.1,3.4,2.7,3.8,6.0,9.3,19.2,6.7
Canada,15.8,6.9,7.5,8.8,15.0,4.1,0.1,2.6,8.5,13.0,14.6,3.1
China,29.0,1.7,19.2,4.9,1.3,1.0,3.2,11.2,8.8,8.2,9.0,2.5
Colombia,19.0,2.6,13.5,8.9,2.3,5.5,7.0,3.3,9.7,11.7,13.0,3.5
France,24.9,0.9,11.6,6.6,1.5,6.9,1.4,5.7,5.2,9.9,19.5,5.9
Germany,26.0,1.6,7.9,4.2,2.3,6.9,0.9,3.1,8.2,14.1,17.9,6.9
Hong Kong,27.4,1.0,6.5,10.3,3.4,3.0,2.5,5.7,6.0,15.0,14.6,4.6
India,13.7,0.5,35.6,1.7,4.7,0.5,0.1,23.1,11.2,3.5,4.6,0.8
Indonesia,29.6,2.0,15.6,9.5,2.3,1.7,1.2,5.1,5.3,9.8,12.6,5.3
Iran,4.7,1.3,55.2,5.4,2.3,1.0,1.6,9.6,10.5,3.6,4.2,0.6
Japan,17.4,2.4,3.7,8.1,2.8,5.8,14.6,2.2,4.8,11.5,22.1,4.6
Malaysia,18.2,2.2,28.4,4.3,2.9,1.7,0.1,8.0,11.8,9.8,10.3,2.3
Mexico,21.5,3.3,17.0,8.9,2.9,3.4,2.7,4.0,6.5,10.5,14.0,5.3
Nepal,19.0,1.0,20.3,1.5,9.4,1.1,0.1,11.9,19.6,5.5,7.6,3.0
Nigeria,15.5,1.7,24.1,2.3,12.5,2.3,0.2,7.4,13.0,7.9,9.0,4.1
Russia,28.2,1.9,6.8,9.4,2.5,5.0,1.9,7.4,11.5,11.3,11.4,2.7
Saudi Arabia,17.1,2.8,21.1,2.1,5.6,1.5,27.2,7.4,4.0,2.7,5.8,2.7
South Korea,16.4,3.1,10.8,13.4,5.0,4.1,4.5,4.9,7.0,12.4,15.1,3.3
Spain,22.1,2.1,13.1,9.3,2.1,11.2,2.2,3.7,4.8,8.5,16.3,4.6
Taiwan,20.9,3.8,16.6,12.9,3.6,2.1,3.7,6.7,10.6,7.1,9.9,2.1
Thailand,21.4,2.2,17.3,10.1,4.1,1.4,3.7,7.0,9.0,7.0,13.9,2.9
Turkey,15.1,3.7,25.1,5.7,0.7,2.7,3.5,9.6,8.6,13.5,9.8,2.0
United Kingdom,17.7,3.2,4.5,8.6,4.0,6.6,0.1,2.9,7.3,18.1,20.9,6.1
Venezuela,29.3,2.2,14.8,8.4,2.7,2.1,10.2,3.4,4.8,6.9,11.2,4.0
Vietnam,38.1,1.1,9.9,3.5,4.3,1.2,4.6,7.5,7.3,5.1,7.2,10.2
4
Brazil,21.1,1.6,10.5,7.3,2.4,3.1,14.4,2.9,6.2,7.7,16.9,5.8
Canada,14.7,6.5,8.2,8.5,15.0,3.9,0.1,3.2,9.2,12.4,14.8,3.6
China,28.0,1.7,19.8,5.3,1.4,0.9,2.8,11.5,8.9,8.1,8.6,3.0
Colombia,20.4,2.2,14.0,8.1,2.6,4.7,6.9,3.5,10.7,9.7,13.2,3.8
France,26.1,0.8,13.9,5.2,1.1,6.4,1.5,4.2,6.3,8.7,20.4,5.4
Germany,29.4,1.8,7.8,4.1,1.7,6.6,0.6,3.3,7.5,12.2,16.3,8.5
Hong Kong,24.8,1.6,7.4,10.2,2.4,2.7,1.9,6.6,6.2,16.4,14.6,5.2
India,11.7,0.5,38.0,1.4,4.7,0.5,0.2,26.0,10.0,2.7,3.4,1.1
Indonesia,29.5,2.4,16.8,8.9,2.1,1.4,1.0,5.4,7.5,8.6,11.7,4.7
Iran,4.6,0.9,56.0,5.2,2.3,0.9,0.8,10.3,11.1,3.7,3.7,0.5
Japan,18.8,2.8,4.3,7.7,2.9,4.5,15.2,2.4,4.8,10.3,20.9,5.4
Kuwait,13.6,1.2,39.4,2.6,2.3,0.6,28.2,1.5,1.8,2.4,4.6,1.9
Malaysia,19.3,2.1,28.5,4.6,2.5,1.4,0.1,6.5,12.2,9.7,10.4,2.6
Mexico,21.3,2.8,17.3,8.4,3.0,3.7,2.8,3.9,7.4,9.5,14.7,5.4
Nepal,15.9,0.7,20.0,1.1,8.5,0.8,0.1,13.9,23.1,5.2,7.6,3.0
Nigeria,14.2,1.8,23.9,2.1,12.7,1.9,0.4,7.5,12.7,6.8,11.3,4.6
Saudi Arabia,16.7,3.2,23.3,1.9,5.8,1.1,24.0,8.1,4.2,2.4,6.7,2.9
South Korea,17.0,3.1,12.7,12.8,4.3,4.5,3.7,5.3,7.4,11.9,13.4,3.9
Spain,24.2,1.7,16.4,6.9,2.6,10.2,2.5,3.9,4.8,7.0,15.4,4.5
Taiwan,21.0,3.3,17.1,12.5,4.4,2.2,4.2,6.8,10.9,6.4,9.2,2.1
Thailand,21.9,2.2,16.7,8.8,4.1,1.1,4.8,7.9,10.2,6.1,12.8,3.5
Turkey,15.3,4.2,26.5,5.8,0.8,2.4,3.1,9.9,8.9,12.2,9.0,1.8
United Kingdom,17.3,4.0,5.3,7.0,3.5,7.1,0.1,3.3,7.4,15.6,21.8,7.6
Venezuela,28.1,1.6,15.7,6.6,3.3,1.5,11.0,4.1,4.8,6.4,11.8,5.2
Vietnam,37.5,0.9,10.2,3.0,4.3,1.2,4.1,8.1,7.6,5.1,9.2,8.8
